Frame 3
front (279, 328) 180 379 178 478 (0, 0)
side (390, 330) 350 431 182 479 (0, 0)

Frame 4
front (319, 303) 0 639 128 479 (40, -25)
side (399, 330) 360 439 182 479 (9, 0)

Frame 5
front (326, 389) 292 361 341 438 (7, 86)
side (407, 331) 368 447 184 479 (8, 1)

Frame 6
front (317, 437) 312 323 428 446 (-9, 48)
side (413, 333) 378 449 188 479 (6, 2)

Frame 7
front (326, 393) 292 361 341 446 (9, -44)
side (420, 336) 384 457 194 479 (7, 3)

Frame 8
front (284, 329) 168 401 180 479 (-42, -64)
side (426, 339) 392 461 199 479 (6, 3)

Frame 9
front (267, 328) 166 369 178 478 (-17, -1)
side (430, 272) 396 465 206 339 (4, -67)

Frame 10
front (276, 328) 148 405 178 479 (9, 0)
side (433, 295) 400 467 212 378 (3, 23)

Frame 11
front (253, 328) 148 359 178 479 (-23, 0)
side (432, 271) 402 463 217 325 (-1, -24)

Frame 12
front (264, 329) 144 385 180 479 (11, 1)
side (433, 307) 400 467 221 393 (1, 36)

Frame 13
front (259, 329) 122 397 180 479 (-5, 0)
side (428, 348) 394 463 218 479 (-5, 41)

Frame 14
front (202, 332) 100 305 186 479 (-57, 3)
side (422, 346) 388 457 213 479 (-6, -2)

Frame 15
front (179, 335) 76 283 192 479 (-23, 3)
side (418, 343) 384 453 208 479 (-4, -3)

Frame 16
front (281, 338) 62 501 198 479 (102, 3)
side (413, 341) 378 449 203 479 (-5, -2)

Frame 17
front (139, 342) 48 231 206 479 (-142, 4)
side (408, 339) 372 445 200 479 (-5, -2)

Frame 18
front (136, 346) 38 235 214 479 (-3, 4)
side (402, 338) 366 439 197 479 (-6, -1)

Frame 19
front (112, 349) 36 189 220 479 (-24, 3)
side (398, 337) 362 435 196 479 (-4, -1)

Frame 20
front (107, 347) 36 179 224 470 (-5, -2)
side (393, 336) 356 431 194 479 (-5, -1)

Frame 21
front (113, 349) 38 189 220 479 (6, 2)
side (389, 336) 352 427 194 479 (-4, 0)

Frame 22
front (124, 345) 46 203 212 479 (11, -4)
side (385, 335) 348 423 192 479 (-4, -1)

